        Ep        Ee   eCharge      ePol    Lumifb    lhapdf        NC        CC     itarg    erunco
     7000.       20.       -1.      0.00    100.00     21000         1         0         1      0.50

      q2         x       y  thetae  thetaj        f2    sigrNC    nevent estat eunco esyst  etot eelen ethee ehadr radco egamp effic enois

   2.00000.   5.00000e-06   0.714300   172.400   3.00000   1.13124   1.02842   6.10000e+09   0.100000   0.500000   1.17000   1.27000   0.0700000   0.120000   0.0100000   0.300000   1.00000   0.500000   0.00000
   2.00000.   8.50000e-06   0.420200   174.700   7.30000   1.05429   1.02718   3.40000e+09   0.100000   0.500000   0.610000   0.790000   0.0700000   0.170000   0.0100000   0.300000   0.00000   0.500000   0.00000
   2.00000.   2.00000e-05   0.178600   175.500   20.3000   0.938113   0.934587   1.00000e+10   0.100000   0.500000   0.630000   0.800000   0.0800000   0.210000   0.0400000   0.300000   0.00000   0.500000   0.00000
   2.00000.   5.00000e-05   0.0714000   175.800   51.0000   0.823391   0.822940   7.10000e+09   0.100000   0.500000   0.640000   0.810000   0.0800000   0.240000   0.0700000   0.300000   0.00000   0.500000   0.00000
   2.00000.   8.50000e-05   0.0420000   175.900   78.9000   0.761100   0.760959   2.70000e+09   0.100000   0.500000   0.650000   0.820000   0.0900000   0.250000   0.0800000   0.300000   0.00000   0.500000   0.00000
   2.00000.   0.000200000   0.0179000   175.900   126.000   0.666657   0.666635   7.40000e+09   0.100000   0.500000   0.650000   0.820000   0.0900000   0.260000   0.0800000   0.300000   0.00000   0.500000   0.00000
   2.00000.   0.000500000   0.00710000   175.900   157.100   0.573113   0.573110   4.90000e+09   0.100000   0.500000   1.78000   1.85000   0.0900000   0.270000   0.0800000   0.300000   0.00000   0.500000   1.66000
   2.00000.   0.000850000   0.00420000   175.900   166.400   0.522265   0.522264   1.90000e+09   0.100000   0.500000   1.94000   2.00000   0.0900000   0.270000   0.0800000   0.300000   0.00000   0.500000   1.82000
   2.00000.   0.00200000   0.00180000   175.900   174.200   0.444978   0.444978   5.10000e+09   0.100000   0.500000   2.19000   2.25000   0.0900000   0.270000   0.0700000   0.300000   0.00000   0.500000   2.09000
   5.00000.   2.00000e-05   0.446400   171.400   10.6000   1.51219   1.46884   7.20000e+09   0.100000   0.500000   0.600000   0.780000   0.0700000   0.100000   0.00000   0.300000   0.00000   0.500000   0.00000
   5.00000.   5.00000e-05   0.178600   172.900   31.7000   1.29166   1.28702   5.40000e+09   0.100000   0.500000   0.600000   0.780000   0.0700000   0.120000   0.0500000   0.300000   0.00000   0.500000   0.00000
   5.00000.   8.50000e-05   0.105000   173.200   53.4000   1.17526   1.17390   2.10000e+09   0.100000   0.500000   0.610000   0.790000   0.0700000   0.130000   0.0700000   0.300000   0.00000   0.500000   0.00000
   5.00000.   0.000200000   0.0446000   173.500   101.500   1.00360   1.00340   5.70000e+09   0.100000   0.500000   0.610000   0.790000   0.0700000   0.140000   0.0900000   0.300000   0.00000   0.500000   0.00000
   5.00000.   0.000500000   0.0179000   173.500   144.300   0.839699   0.839673   3.70000e+09   0.100000   0.500000   0.610000   0.790000   0.0800000   0.150000   0.0900000   0.300000   0.00000   0.500000   0.00000
   5.00000.   0.000850000   0.0105000   173.600   158.600   0.753353   0.753345   1.40000e+09   0.100000   0.500000   0.610000   0.790000   0.0800000   0.150000   0.0900000   0.300000   0.00000   0.500000   0.00000
   5.00000.   0.00200000   0.00450000   173.600   170.800   0.626053   0.626051   3.70000e+09   0.100000   0.500000   1.91000   1.97000   0.0800000   0.160000   0.0900000   0.300000   0.00000   0.500000   1.80000
   5.00000.   0.00500000   0.00180000   173.600   176.300   0.503848   0.503848   2.10000e+09   0.100000   0.500000   2.18000   2.24000   0.0900000   0.160000   0.0800000   0.300000   0.00000   0.500000   2.09000
   5.00000.   0.00850000   0.00110000   173.600   177.800   0.438228   0.438228   3.60000e+08   0.100000   0.500000   2.34000   2.39000   0.0900000   0.150000   0.0800000   0.300000   0.00000   0.500000   2.26000
   10.0000.   2.00000e-05   0.892900   152.800   3.30000   2.10071   1.79768   1.00000e+09   0.100000   0.500000   1.16000   1.26000   0.0800000   0.0600000   0.00000   0.300000   1.00000   0.500000   0.00000
   10.0000.   5.00000e-05   0.357100   168.700   20.1000   1.75808   1.72914   1.80000e+09   0.100000   0.500000   0.590000   0.780000   0.0800000   0.0800000   0.0100000   0.300000   0.00000   0.500000   0.00000
   10.0000.   8.50000e-05   0.210100   169.800   37.0000   1.58101   1.57320   7.50000e+08   0.100000   0.500000   0.600000   0.780000   0.0800000   0.0900000   0.0400000   0.300000   0.00000   0.500000   0.00000
   10.0000.   0.000200000   0.0893000   170.500   80.4000   1.32511   1.32407   2.10000e+09   0.100000   0.500000   0.600000   0.780000   0.0800000   0.100000   0.0800000   0.300000   0.00000   0.500000   0.00000
   10.0000.   0.000500000   0.0357000   170.800   130.600   1.08713   1.08700   1.30000e+09   0.100000   0.500000   0.610000   0.790000   0.0900000   0.110000   0.110000   0.300000   0.00000   0.500000   0.00000
   10.0000.   0.000850000   0.0210000   170.900   149.900   0.964488   0.964449   5.00000e+08   0.100000   0.500000   0.610000   0.790000   0.0900000   0.110000   0.110000   0.300000   0.00000   0.500000   0.00000
   10.0000.   0.00200000   0.00890000   170.900   167.100   0.787455   0.787449   1.30000e+09   0.100000   0.500000   1.70000   1.77000   0.0900000   0.120000   0.110000   0.300000   0.00000   0.500000   1.59000
   10.0000.   0.00500000   0.00360000   170.900   174.800   0.622201   0.622200   8.10000e+08   0.100000   0.500000   1.97000   2.03000   0.100000   0.120000   0.110000   0.300000   0.00000   0.500000   1.87000
   10.0000.   0.00850000   0.00210000   171.000   177.000   0.535800   0.535800   3.00000e+08   0.100000   0.500000   2.13000   2.19000   0.100000   0.130000   0.100000   0.300000   0.00000   0.500000   2.04000
   20.0000.   5.00000e-05   0.714300   156.400   9.60000   2.33384   2.13631   1.00000e+09   0.100000   0.500000   1.16000   1.27000   0.0900000   0.0500000   0.0300000   0.300000   1.00000   0.500000   0.00000
   20.0000.   8.50000e-05   0.420200   163.300   22.9000   2.07425   2.02543   5.80000e+08   0.100000   0.500000   0.590000   0.780000   0.0900000   0.0600000   0.0200000   0.300000   0.00000   0.500000   0.00000
   20.0000.   0.000200000   0.178600   165.900   59.1000   1.70623   1.70053   1.70000e+09   0.100000   0.500000   0.600000   0.780000   0.0900000   0.0800000   0.0500000   0.300000   0.00000   0.500000   0.00000
   20.0000.   0.000500000   0.0714000   166.800   112.900   1.37246   1.37181   1.10000e+09   0.100000   0.500000   0.610000   0.790000   0.0900000   0.0800000   0.100000   0.300000   0.00000   0.500000   0.00000
   20.0000.   0.000850000   0.0420000   167.000   138.000   1.20401   1.20383   4.20000e+08   0.100000   0.500000   0.610000   0.790000   0.100000   0.0900000   0.120000   0.300000   0.00000   0.500000   0.00000
   20.0000.   0.00200000   0.0179000   167.100   161.700   0.965673   0.965647   1.10000e+09   0.100000   0.500000   0.610000   0.790000   0.100000   0.0900000   0.130000   0.300000   0.00000   0.500000   0.00000
   20.0000.   0.00500000   0.00710000   167.200   172.700   0.749018   0.749015   6.50000e+08   0.100000   0.500000   1.77000   1.84000   0.100000   0.100000   0.130000   0.300000   0.00000   0.500000   1.66000
   20.0000.   0.00850000   0.00420000   167.200   175.700   0.638341   0.638340   2.40000e+08   0.100000   0.500000   1.92000   1.99000   0.110000   0.100000   0.120000   0.300000   0.00000   0.500000   1.82000
   50.0000.   0.000200000   0.446400   153.300   32.8000   2.29907   2.23885   1.00000e+09   0.100000   0.500000   0.590000   0.780000   0.100000   0.0400000   0.00000   0.300000   0.00000   0.500000   0.00000
   50.0000.   0.000500000   0.178600   157.900   83.8000   1.79919   1.79348   7.50000e+08   0.100000   0.500000   0.600000   0.780000   0.100000   0.0600000   0.0800000   0.300000   0.00000   0.500000   0.00000
   50.0000.   0.000850000   0.105000   158.800   115.700   1.55362   1.55207   2.80000e+08   0.100000   0.500000   0.610000   0.790000   0.100000   0.0600000   0.110000   0.300000   0.00000   0.500000   0.00000
   50.0000.   0.00200000   0.0446000   159.500   151.000   1.21500   1.21479   7.10000e+08   0.100000   0.500000   0.610000   0.790000   0.110000   0.0600000   0.140000   0.300000   0.00000   0.500000   0.00000
   50.0000.   0.00500000   0.0179000   159.800   168.400   0.917678   0.917656   4.20000e+08   0.100000   0.500000   0.620000   0.790000   0.110000   0.0700000   0.150000   0.300000   0.00000   0.500000   0.00000
   50.0000.   0.00850000   0.0105000   159.800   173.200   0.770392   0.770386   1.50000e+08   0.100000   0.500000   0.610000   0.790000   0.110000   0.0700000   0.140000   0.300000   0.00000   0.500000   0.00000
   100.000.   0.000200000   0.892900   105.300   10.5000   2.80798   2.43536   1.20000e+08   0.100000   0.500000   1.16000   1.27000   0.110000   0.0200000   0.0100000   0.300000   1.00000   0.500000   0.00000
   100.000.   0.000500000   0.357100   145.400   58.6000   2.15023   2.11880   2.00000e+08   0.100000   0.500000   0.590000   0.780000   0.110000   0.0400000   0.0100000   0.300000   0.00000   0.500000   0.00000
   100.000.   0.000850000   0.210100   148.600   93.2000   1.83344   1.82557   8.20000e+07   0.100000   0.500000   0.600000   0.780000   0.110000   0.0400000   0.0800000   0.300000   0.00000   0.500000   0.00000
   100.000.   0.00200000   0.0893000   150.600   139.000   1.40486   1.40394   2.10000e+08   0.100000   0.500000   0.610000   0.790000   0.120000   0.0500000   0.130000   0.300000   0.00000   0.500000   0.00000
   100.000.   0.00500000   0.0357000   151.400   163.400   1.03824   1.03814   1.30000e+08   0.100000   0.500000   0.620000   0.790000   0.120000   0.0500000   0.160000   0.300000   0.00000   0.500000   0.00000
   100.000.   0.00850000   0.0210000   151.600   170.300   0.860799   0.860773   4.40000e+07   0.100000   0.500000   0.620000   0.800000   0.120000   0.0500000   0.160000   0.300000   0.00000   0.500000   0.00000
   300.000.   0.000850000   0.630300   109.100   45.3000   2.27560   2.15927   6.50000e+07   0.100000   0.500000   1.16000   1.27000   0.120000   0.0200000   0.0100000   0.300000   1.00000   0.500000   0.00000
   300.000.   0.00200000   0.267900   126.300   108.300   1.68795   1.67718   2.00000e+08   0.100000   0.500000   0.600000   0.780000   0.120000   0.0300000   0.0700000   0.300000   0.00000   0.500000   0.00000
   300.000.   0.00500000   0.107100   130.800   150.700   1.20450   1.20354   1.20000e+08   0.100000   0.500000   0.610000   0.790000   0.130000   0.0300000   0.140000   0.300000   0.00000   0.500000   0.00000
   300.000.   0.00850000   0.0630000   131.800   162.900   0.978590   0.978346   4.40000e+07   0.100000   0.500000   0.620000   0.800000   0.130000   0.0300000   0.160000   0.300000   0.00000   0.500000   0.00000
